   118.0000       28.50000       3.614061    
   118.0000       29.00000       3.595632    
   118.0000       29.50000       3.642316    
   118.0000       30.00000       3.714345    
   118.0000       30.50000       3.745737    
   118.0000       31.00000       3.799784    
   118.0000       31.50000       3.794315    
   118.0000       32.00000       3.746711    
   118.0000       32.50000       3.735031    
   118.0000       33.00000       3.756808    
   118.5000       28.50000       3.659930    
   118.5000       29.00000       3.650324    
   118.5000       29.50000       3.700423    
   118.5000       30.00000       3.758769    
   118.5000       30.50000       3.749148    
   118.5000       31.00000       3.762430    
   118.5000       31.50000       3.781855    
   118.5000       32.00000       3.747224    
   118.5000       32.50000       3.743074    
   118.5000       33.00000       3.751694    
   119.0000       28.50000       3.691253    
   119.0000       29.00000       3.706374    
   119.0000       29.50000       3.756484    
   119.0000       30.00000       3.777716    
   119.0000       30.50000       3.732491    
   119.0000       31.00000       3.711729    
   119.0000       31.50000       3.750102    
   119.0000       32.00000       3.718693    
   119.0000       32.50000       3.708736    
   119.0000       33.00000       3.733236    
   119.5000       28.50000       3.714722    
   119.5000       29.00000       3.704740    
   119.5000       29.50000       3.732377    
   119.5000       30.00000       3.746673    
   119.5000       30.50000       3.710552    
   119.5000       31.00000       3.682245    
   119.5000       31.50000       3.725990    
   119.5000       32.00000       3.707378    
   119.5000       32.50000       3.698182    
   119.5000       33.00000       3.722585    
   120.0000       28.50000       3.729104    
   120.0000       29.00000       3.685136    
   120.0000       29.50000       3.706244    
   120.0000       30.00000       3.736565    
   120.0000       30.50000       3.727202    
   120.0000       31.00000       3.702626    
   120.0000       31.50000       3.729386    
   120.0000       32.00000       3.731874    
   120.0000       32.50000       3.728688    
   120.0000       33.00000       3.730736    
   120.5000       28.50000       3.738591    
   120.5000       29.00000       3.697377    
   120.5000       29.50000       3.708685    
   120.5000       30.00000       3.727350    
   120.5000       30.50000       3.757567    
   120.5000       31.00000       3.747930    
   120.5000       31.50000       3.726104    
   120.5000       32.00000       3.736144    
   120.5000       32.50000       3.761125    
   120.5000       33.00000       3.744496    
   121.0000       28.50000       3.749401    
   121.0000       29.00000       3.733309    
   121.0000       29.50000       3.714274    
   121.0000       30.00000       3.697846    
   121.0000       30.50000       3.740677    
   121.0000       31.00000       3.765480    
   121.0000       31.50000       3.722863    
   121.0000       32.00000       3.714759    
   121.0000       32.50000       3.755447    
   121.0000       33.00000       3.724231    
   121.5000       28.50000       3.779706    
   121.5000       29.00000       3.757944    
   121.5000       29.50000       3.715586    
   121.5000       30.00000       3.692289    
   121.5000       30.50000       3.717664    
   121.5000       31.00000       3.751823    
   121.5000       31.50000       3.735909    
   121.5000       32.00000       3.708919    
   121.5000       32.50000       3.724388    
   121.5000       33.00000       3.688980    
   122.0000       28.50000       3.831141    
   122.0000       29.00000       3.758834    
   122.0000       29.50000       3.705778    
   122.0000       30.00000       3.721718    
   122.0000       30.50000       3.739787    
   122.0000       31.00000       3.742594    
   122.0000       31.50000       3.745363    
   122.0000       32.00000       3.726132    
   122.0000       32.50000       3.737022    
   122.0000       33.00000       3.709923    
   122.5000       28.50000       3.819647    
   122.5000       29.00000       3.755994    
   122.5000       29.50000       3.707006    
   122.5000       30.00000       3.744822    
   122.5000       30.50000       3.764979    
   122.5000       31.00000       3.751994    
   122.5000       31.50000       3.752180    
   122.5000       32.00000       3.735091    
   122.5000       32.50000       3.768560    
   122.5000       33.00000       3.760696    
   123.0000       28.50000       3.776069    
   123.0000       29.00000       3.758734    
   123.0000       29.50000       3.695070    
   123.0000       30.00000       3.715388    
   123.0000       30.50000       3.745440    
   123.0000       31.00000       3.751255    
   123.0000       31.50000       3.765558    
   123.0000       32.00000       3.748168    
   123.0000       32.50000       3.780087    
   123.0000       33.00000       3.783786    
